13
9
12
6
9
7
3
12
11
6
9
7
5
1
3
3
5
1
10
2
4
1
6
13
4
10
5
8
1
5
10
6
3
10
0
1
6
6
6
1
12
4
7
5
11
10
6
12
2
12
2
1
5
4
11
2
7
11
5
6
2
12
4
0
9
5
7
13
10
10
9
1
8
11
0
7
12
4
5
6
5
4
9
8
1
0
11
10
3
10
9
7
8
5
6
0
9
4
0
9
0
12
3
9
1
12
12
4
7
0
3
5
7
8
1
13
11
7
11
2
0
3
2
12
8
6
3
1
13
5
8
11
7
1
11
7
4
2
1
7
5
7
3
10
8
11
10
8
7
13
9
10
4
0
9
1
2
12
4
13
11
6
6
3
6
11
0
0
4
3
2
12
8
13
0
1
3
4
12
2
5
5
12
3
10
10
7
5
11
13
7
11
0
1
2
9
9
10
5
12
1
6
5
2
13
11
3
2
4
2
8
4
11
6
11
9
12
1
2
1
9
6
0
11
6
3
8
6
8
7
0
1
5
11
7
12
11
1
5
12
10
7
8
9
2
11
6
13
13
3
4
12
6
9
4
1
7
4
7
5
0
9
0
3
9
13
11
2
7
12
11
8
6
1
6
10
2
6
9
2
13
1
0
5
3
10
8
5
8
1
9
0
13
3
5
3
12
13
11
3
1
4
6
0
7
13
1
4
2
5
8
2
4
5
1
12
12
5
7
9
3
3
10
7
3
3
13
10
13
12
7
3
9
3
0
8
2
4
12
2
2
5
11
1
12
7
7
2
0
11
0
10
4
10
8
4
10
3
13
0
8
10
11
10
1
9
1
7
6
8
10
12
13
10
13
0
3
5
12
7
10
12
4
11
10
10
4
9
1
11
5
3
9
13
13
6
12
5
6
0
9
9
12
12
2
1
4
9
2
13
8
13
13
11
0
4
13
13
11
9
4
4
0
6
2
9
4
5
10
13
6
2
8
8
2
0
8
0
8
7
9
10
3
3
2
4
13
6
8
3
8
4
10
0
2
4
6
13
11
8
4
4
10
5
7
7
5
2
1
6
6
6
8
8
9
13
2
9
7
13
13
8
3
0
12
2
7
11
10
6
12
12
8
11
5
10
12
1
0
7
9
11
9
8
13
0
1
0
2
8
10
13
