5
4
4
11
8
5
2
7
4
9
12
5
6
11
12
4
14
1
1
7
6
9
2
2
12
5
4
5
0
6
0
13
10
1
6
0
14
11
9
13
8
12
7
11
4
0
14
4
13
11
13
3
4
8
9
9
0
9
14
9
13
0
14
0
3
14
3
8
1
4
3
9
1
2
6
9
9
11
11
9
6
13
10
5
7
6
8
1
11
10
12
1
5
4
9
6
8
11
3
12
0
2
12
3
11
4
7
9
8
6
14
13
8
2
4
13
8
3
1
14
3
0
13
6
2
7
10
1
6
11
5
9
7
11
7
8
12
9
0
12
4
7
2
1
10
1
1
5
5
2
8
1
9
4
10
12
9
4
3
0
4
7
7
14
14
1
10
6
3
9
13
4
10
8
6
13
5
12
4
0
12
6
6
5
1
0
7
4
4
2
8
1
6
9
13
12
12
2
13
4
9
2
11
5
2
8
11
3
4
13
13
11
9
7
12
14
4
9
9
0
10
9
0
1
13
11
2
6
5
5
2
11
14
12
3
3
12
4
14
7
1
5
4
12
7
10
2
1
2
11
12
0
14
5
14
14
5
12
9
6
3
12
10
11
12
1
12
3
12
14
7
1
13
0
14
1
5
5
10
3
2
0
6
4
2
0
13
14
10
3
10
6
13
11
14
11
14
2
4
14
11
8
14
3
3
0
11
9
13
6
5
13
11
14
1
3
7
14
7
10
12
2
5
5
5
8
2
1
2
0
8
11
3
12
7
10
13
12
14
13
13
14
8
0
0
5
8
9
3
7
5
3
6
1
10
11
0
12
2
10
1
1
2
10
7
3
6
4
14
13
7
14
11
7
6
6
11
12
4
8
1
7
13
4
8
3
12
10
0
7
6
8
8
2
8
14
0
8
7
0
3
14
3
3
13
0
8
10
9
8
5
2
8
7
6
8
1
2
12
3
12
11
6
1
9
12
8
8
3
0
9
13
3
5
5
6
4
10
5
7
4
2
10
11
9
6
8
7
5
14
3
9
0
0
13
8
5
2
9
10
11
14
1
6
7
12
6
13
11
13
10
14
13
10
10
6
13
12
7
8
2
10
8
10
4
13
7
7
1
13
2
14
3
4
6
1
4
0
0
7
10
10
3
2
7
6
11
2
0
5
10
10
